%YAML:1.0
image_width: 640
image_height: 480
camera_matrix: !!opencv-matrix
   rows: 3
   cols: 3
   dt: d
   data: [ 6.3026666396253449e+002, 0., 2.7989704538773651e+002, 0.,
       6.2846149126665114e+002, 2.6731361605342289e+002, 0., 0., 1. ]
distortion_coefficients: !!opencv-matrix
   rows: 1
   cols: 5
   dt: d
   data: [ -1.3512158975120403e-001, 6.8234449562766575e-001,
       1.5120505512238251e-002, -2.0277108858542420e-002,
       -1.2012880552876732e+000 ]
